              precision    recall  f1-score   support

           0       0.91      0.93      0.92      3900
           1       0.85      0.90      0.87      1105
           2       0.94      0.89      0.91      1730
           3       0.91      0.89      0.90      6040
           4       0.86      0.83      0.85       515
           5       0.92      0.95      0.93      4415
           6       0.91      0.89      0.90      3000

    accuracy                           0.91     20705
   macro avg       0.90      0.90      0.90     20705
weighted avg       0.91      0.91      0.91     20705
