              precision    recall  f1-score   support

           0       0.89      0.91      0.90     23370
           1       0.92      0.94      0.93      6630
           2       0.93      0.90      0.91     10380
           3       0.90      0.90      0.90     36180
           4       0.93      0.85      0.89      3090
           5       0.95      0.96      0.96     26460
           6       0.84      0.83      0.83     17940

    accuracy                           0.90    124050
   macro avg       0.91      0.90      0.90    124050
weighted avg       0.90      0.90      0.90    124050
