              precision    recall  f1-score   support

           0       0.79      0.86      0.82      3895
           1       0.85      0.85      0.85      1105
           2       0.84      0.85      0.85      1730
           3       0.84      0.77      0.80      6030
           4       0.84      0.68      0.75       515
           5       0.83      0.96      0.89      4410
           6       0.82      0.69      0.75      2990

    accuracy                           0.82     20675
   macro avg       0.83      0.81      0.82     20675
weighted avg       0.82      0.82      0.82     20675
