              precision    recall  f1-score   support

           0       0.92      0.87      0.89      3900
           1       0.93      0.88      0.90      1105
           2       0.92      0.84      0.88      1730
           3       0.91      0.90      0.90      6050
           4       0.93      0.80      0.86       515
           5       0.93      0.97      0.95      4415
           6       0.79      0.91      0.85      3000

    accuracy                           0.90     20715
   macro avg       0.90      0.88      0.89     20715
weighted avg       0.90      0.90      0.90     20715
